# https://www.falstad.com/circuit/
$ 1 0.000005 10.20027730826997 50 5 50 5e-11
v -16 288 -16 128 0 0 40 3 0 0 0.5
s 96 128 208 128 0 1 false
r 96 128 96 208 0 50
162 96 208 96 288 2 default-led 0 1 0 0.01
w -16 288 96 288 0
r 208 128 208 208 0 50
162 208 208 208 288 2 default-led 1 0 0 0.01
w 96 288 208 288 0
s 208 128 320 128 0 1 true
w 320 288 368 288 0
r 464 224 464 288 0 1
x 24 98 87 101 4 18 Energía
x 122 99 185 102 4 18 Armado
x 59 172 79 175 4 16 R1
x 16 244 79 268 4 18 LED\\nEnergía
x 130 242 193 266 4 18 LED\\nArmado
x 172 174 192 177 4 16 R2
x 242 99 297 102 4 18 Lanzar
x 391 260 445 263 4 18 Ignizor
x -8 196 14 199 4 18 3V
r 320 128 416 128 0 2
w 368 288 464 288 1
r 320 128 320 208 0 50
162 320 208 320 288 2 default-led 1 0.65 0 0.01
s -16 128 96 128 0 1 false
x 247 243 302 267 4 18 LED\\nLanzar
w 416 128 416 224 0
w 416 224 464 224 0
w 208 288 320 288 0
x 282 173 302 176 4 16 R3
x 360 154 389 157 4 16 R4?
