# https://www.falstad.com/circuit/
$ 1 0.000005 10.20027730826997 50 5 50 5e-11
v -16 288 -16 128 0 0 40 12 0 0 0.5
s 144 128 256 128 0 1 false
r 96 160 96 224 0 550
162 96 224 96 288 2 default-led 0 1 0 0.02
w -16 288 96 288 0
r 256 128 256 224 0 550
162 256 224 256 288 2 default-led 1 0 0 0.02
w 96 288 256 288 0
s 256 128 352 128 0 1 true
r 400 208 400 288 0 1
x 14 102 77 105 4 18 Energía
x 171 103 234 106 4 18 Armado
x 57 196 77 199 4 16 R1
x 63 314 126 338 4 18 LED\\nEnergía
x 235 314 298 338 4 18 LED\\nArmado
x 156 155 176 158 4 16 R2
x 285 103 340 106 4 18 Lanzar
x 424 252 478 255 4 18 Ignizor
x -8 196 24 199 4 18 12V
w 320 288 400 288 1
s -16 128 96 128 0 1 false
w 256 288 320 288 0
162 144 256 208 256 2 default-led 1 0.67 0 0.02
r 144 128 144 208 0 550
w 352 208 400 208 0
w 208 208 352 208 0
w 96 160 96 128 0
w 144 128 96 128 0
w 144 208 144 256 0
w 208 256 208 208 0
w 352 128 352 208 0
x 157 315 200 339 4 18 LED\\nCont.
x 221 180 241 183 4 16 R3

